-300 -300
-297.979797979798 -300
-295.959595959596 -300
-293.939393939394 -300
-291.919191919192 -300
-289.89898989899 -300
-287.878787878788 -300
-285.858585858586 -300
-283.838383838384 -300
-281.818181818182 -300
-279.79797979798 -300
-277.777777777778 -300
-275.757575757576 -300
-273.737373737374 -300
-271.717171717172 -300
-269.69696969697 -300
-267.676767676768 -300
-265.656565656566 -300
-263.636363636364 -300
-261.616161616162 -300
-259.59595959596 -300
-257.575757575758 -300
-255.555555555556 -300
-253.535353535354 -300
-251.515151515152 -300
-249.494949494949 -300
-247.474747474747 -300
-245.454545454545 -300
-243.434343434343 -300
-241.414141414141 -300
-239.393939393939 -300
-237.373737373737 -300
-235.353535353535 -300
-233.333333333333 -300
-231.313131313131 -300
-229.292929292929 -300
-227.272727272727 -300
-225.252525252525 -300
-223.232323232323 -300
-221.212121212121 -300
-219.191919191919 -300
-217.171717171717 -300
-215.151515151515 -300
-213.131313131313 -300
-211.111111111111 -300
-209.090909090909 -300
-207.070707070707 -300
-205.050505050505 -300
-203.030303030303 -300
-201.010101010101 -300
-198.989898989899 -300
-196.969696969697 -300
-194.949494949495 -300
-192.929292929293 -300
-190.909090909091 -300
-188.888888888889 -300
-186.868686868687 -300
-184.848484848485 -300
-182.828282828283 -300
-180.808080808081 -300
-178.787878787879 -300
-176.767676767677 -300
-174.747474747475 -300
-172.727272727273 -300
-170.707070707071 -300
-168.686868686869 -300
-166.666666666667 -300
-164.646464646465 -300
-162.626262626263 -300
-160.606060606061 -300
-158.585858585859 -300
-156.565656565657 -300
-154.545454545455 -300
-152.525252525253 -300
-150.50505050505 -300
-148.484848484848 -300
-146.464646464646 -300
-144.444444444444 -300
-142.424242424242 -300
-140.40404040404 -300
-138.383838383838 -300
-136.363636363636 -300
-134.343434343434 -300
-132.323232323232 -300
-130.30303030303 -300
-128.282828282828 -300
-126.262626262626 -300
-124.242424242424 -300
-122.222222222222 -300
-120.20202020202 -300
-118.181818181818 -300
-116.161616161616 -300
-114.141414141414 -300
-112.121212121212 -300
-110.10101010101 -300
-108.080808080808 -300
-106.060606060606 -300
-104.040404040404 -300
-102.020202020202 -300
-100 -300
-100 -297.979797979798
-100 -295.959595959596
-100 -293.939393939394
-100 -291.919191919192
-100 -289.89898989899
-100 -287.878787878788
-100 -285.858585858586
-100 -283.838383838384
-100 -281.818181818182
-100 -279.79797979798
-100 -277.777777777778
-100 -275.757575757576
-100 -273.737373737374
-100 -271.717171717172
-100 -269.69696969697
-100 -267.676767676768
-100 -265.656565656566
-100 -263.636363636364
-100 -261.616161616162
-100 -259.59595959596
-100 -257.575757575758
-100 -255.555555555556
-100 -253.535353535354
-100 -251.515151515152
-100 -249.494949494949
-100 -247.474747474747
-100 -245.454545454545
-100 -243.434343434343
-100 -241.414141414141
-100 -239.393939393939
-100 -237.373737373737
-100 -235.353535353535
-100 -233.333333333333
-100 -231.313131313131
-100 -229.292929292929
-100 -227.272727272727
-100 -225.252525252525
-100 -223.232323232323
-100 -221.212121212121
-100 -219.191919191919
-100 -217.171717171717
-100 -215.151515151515
-100 -213.131313131313
-100 -211.111111111111
-100 -209.090909090909
-100 -207.070707070707
-100 -205.050505050505
-100 -203.030303030303
-100 -201.010101010101
-100 -198.989898989899
-100 -196.969696969697
-100 -194.949494949495
-100 -192.929292929293
-100 -190.909090909091
-100 -188.888888888889
-100 -186.868686868687
-100 -184.848484848485
-100 -182.828282828283
-100 -180.808080808081
-100 -178.787878787879
-100 -176.767676767677
-100 -174.747474747475
-100 -172.727272727273
-100 -170.707070707071
-100 -168.686868686869
-100 -166.666666666667
-100 -164.646464646465
-100 -162.626262626263
-100 -160.606060606061
-100 -158.585858585859
-100 -156.565656565657
-100 -154.545454545455
-100 -152.525252525253
-100 -150.50505050505
-100 -148.484848484848
-100 -146.464646464646
-100 -144.444444444444
-100 -142.424242424242
-100 -140.40404040404
-100 -138.383838383838
-100 -136.363636363636
-100 -134.343434343434
-100 -132.323232323232
-100 -130.30303030303
-100 -128.282828282828
-100 -126.262626262626
-100 -124.242424242424
-100 -122.222222222222
-100 -120.20202020202
-100 -118.181818181818
-100 -116.161616161616
-100 -114.141414141414
-100 -112.121212121212
-100 -110.10101010101
-100 -108.080808080808
-100 -106.060606060606
-100 -104.040404040404
-100 -102.020202020202
-100 -100
-97.979797979798 -100
-95.959595959596 -100
-93.9393939393939 -100
-91.9191919191919 -100
-89.8989898989899 -100
-87.8787878787879 -100
-85.8585858585859 -100
-83.8383838383838 -100
-81.8181818181818 -100
-79.7979797979798 -100
-77.7777777777778 -100
-75.7575757575758 -100
-73.7373737373737 -100
-71.7171717171717 -100
-69.6969696969697 -100
-67.6767676767677 -100
-65.6565656565656 -100
-63.6363636363636 -100
-61.6161616161616 -100
-59.5959595959596 -100
-57.5757575757576 -100
-55.5555555555555 -100
-53.5353535353535 -100
-51.5151515151515 -100
-49.4949494949495 -100
-47.4747474747475 -100
-45.4545454545454 -100
-43.4343434343434 -100
-41.4141414141414 -100
-39.3939393939394 -100
-37.3737373737374 -100
-35.3535353535353 -100
-33.3333333333333 -100
-31.3131313131313 -100
-29.2929292929293 -100
-27.2727272727273 -100
-25.2525252525252 -100
-23.2323232323232 -100
-21.2121212121212 -100
-19.1919191919192 -100
-17.1717171717171 -100
-15.1515151515151 -100
-13.1313131313131 -100
-11.1111111111111 -100
-9.09090909090907 -100
-7.07070707070704 -100
-5.05050505050502 -100
-3.030303030303 -100
-1.01010101010104 -100
1.01010101010104 -100
3.030303030303 -100
5.05050505050508 -100
7.07070707070704 -100
9.09090909090912 -100
11.1111111111111 -100
13.1313131313132 -100
15.1515151515151 -100
17.1717171717172 -100
19.1919191919192 -100
21.2121212121212 -100
23.2323232323232 -100
25.2525252525253 -100
27.2727272727273 -100
29.2929292929293 -100
31.3131313131313 -100
33.3333333333334 -100
35.3535353535353 -100
37.3737373737374 -100
39.3939393939394 -100
41.4141414141415 -100
43.4343434343434 -100
45.4545454545455 -100
47.4747474747475 -100
49.4949494949495 -100
51.5151515151515 -100
53.5353535353536 -100
55.5555555555555 -100
57.5757575757576 -100
59.5959595959596 -100
61.6161616161617 -100
63.6363636363636 -100
65.6565656565657 -100
67.6767676767677 -100
69.6969696969697 -100
71.7171717171717 -100
73.7373737373738 -100
75.7575757575758 -100
77.7777777777778 -100
79.7979797979798 -100
81.8181818181819 -100
83.8383838383838 -100
85.8585858585859 -100
87.8787878787879 -100
89.89898989899 -100
91.9191919191919 -100
93.9393939393939 -100
95.959595959596 -100
97.979797979798 -100
100 -100
100 -102.020202020202
100 -104.040404040404
100 -106.060606060606
100 -108.080808080808
100 -110.10101010101
100 -112.121212121212
100 -114.141414141414
100 -116.161616161616
100 -118.181818181818
100 -120.20202020202
100 -122.222222222222
100 -124.242424242424
100 -126.262626262626
100 -128.282828282828
100 -130.30303030303
100 -132.323232323232
100 -134.343434343434
100 -136.363636363636
100 -138.383838383838
100 -140.40404040404
100 -142.424242424242
100 -144.444444444444
100 -146.464646464646
100 -148.484848484848
100 -150.505050505051
100 -152.525252525253
100 -154.545454545455
100 -156.565656565657
100 -158.585858585859
100 -160.606060606061
100 -162.626262626263
100 -164.646464646465
100 -166.666666666667
100 -168.686868686869
100 -170.707070707071
100 -172.727272727273
100 -174.747474747475
100 -176.767676767677
100 -178.787878787879
100 -180.808080808081
100 -182.828282828283
100 -184.848484848485
100 -186.868686868687
100 -188.888888888889
100 -190.909090909091
100 -192.929292929293
100 -194.949494949495
100 -196.969696969697
100 -198.989898989899
100 -201.010101010101
100 -203.030303030303
100 -205.050505050505
100 -207.070707070707
100 -209.090909090909
100 -211.111111111111
100 -213.131313131313
100 -215.151515151515
100 -217.171717171717
100 -219.191919191919
100 -221.212121212121
100 -223.232323232323
100 -225.252525252525
100 -227.272727272727
100 -229.292929292929
100 -231.313131313131
100 -233.333333333333
100 -235.353535353535
100 -237.373737373737
100 -239.393939393939
100 -241.414141414141
100 -243.434343434343
100 -245.454545454545
100 -247.474747474747
100 -249.49494949495
100 -251.515151515152
100 -253.535353535354
100 -255.555555555556
100 -257.575757575758
100 -259.59595959596
100 -261.616161616162
100 -263.636363636364
100 -265.656565656566
100 -267.676767676768
100 -269.69696969697
100 -271.717171717172
100 -273.737373737374
100 -275.757575757576
100 -277.777777777778
100 -279.79797979798
100 -281.818181818182
100 -283.838383838384
100 -285.858585858586
100 -287.878787878788
100 -289.89898989899
100 -291.919191919192
100 -293.939393939394
100 -295.959595959596
100 -297.979797979798
100 -300
102.020202020202 -300
104.040404040404 -300
106.060606060606 -300
108.080808080808 -300
110.10101010101 -300
112.121212121212 -300
114.141414141414 -300
116.161616161616 -300
118.181818181818 -300
120.20202020202 -300
122.222222222222 -300
124.242424242424 -300
126.262626262626 -300
128.282828282828 -300
130.30303030303 -300
132.323232323232 -300
134.343434343434 -300
136.363636363636 -300
138.383838383838 -300
140.40404040404 -300
142.424242424242 -300
144.444444444444 -300
146.464646464646 -300
148.484848484848 -300
150.505050505051 -300
152.525252525253 -300
154.545454545455 -300
156.565656565657 -300
158.585858585859 -300
160.606060606061 -300
162.626262626263 -300
164.646464646465 -300
166.666666666667 -300
168.686868686869 -300
170.707070707071 -300
172.727272727273 -300
174.747474747475 -300
176.767676767677 -300
178.787878787879 -300
180.808080808081 -300
182.828282828283 -300
184.848484848485 -300
186.868686868687 -300
188.888888888889 -300
190.909090909091 -300
192.929292929293 -300
194.949494949495 -300
196.969696969697 -300
198.989898989899 -300
201.010101010101 -300
203.030303030303 -300
205.050505050505 -300
207.070707070707 -300
209.090909090909 -300
211.111111111111 -300
213.131313131313 -300
215.151515151515 -300
217.171717171717 -300
219.191919191919 -300
221.212121212121 -300
223.232323232323 -300
225.252525252525 -300
227.272727272727 -300
229.292929292929 -300
231.313131313131 -300
233.333333333333 -300
235.353535353535 -300
237.373737373737 -300
239.393939393939 -300
241.414141414141 -300
243.434343434343 -300
245.454545454545 -300
247.474747474747 -300
249.49494949495 -300
251.515151515152 -300
253.535353535354 -300
255.555555555556 -300
257.575757575758 -300
259.59595959596 -300
261.616161616162 -300
263.636363636364 -300
265.656565656566 -300
267.676767676768 -300
269.69696969697 -300
271.717171717172 -300
273.737373737374 -300
275.757575757576 -300
277.777777777778 -300
279.79797979798 -300
281.818181818182 -300
283.838383838384 -300
285.858585858586 -300
287.878787878788 -300
289.89898989899 -300
291.919191919192 -300
293.939393939394 -300
295.959595959596 -300
297.979797979798 -300
300 -300
300 -297.979797979798
300 -295.959595959596
300 -293.939393939394
300 -291.919191919192
300 -289.89898989899
300 -287.878787878788
300 -285.858585858586
300 -283.838383838384
300 -281.818181818182
300 -279.79797979798
300 -277.777777777778
300 -275.757575757576
300 -273.737373737374
300 -271.717171717172
300 -269.69696969697
300 -267.676767676768
300 -265.656565656566
300 -263.636363636364
300 -261.616161616162
300 -259.59595959596
300 -257.575757575758
300 -255.555555555556
300 -253.535353535354
300 -251.515151515152
300 -249.494949494949
300 -247.474747474747
300 -245.454545454545
300 -243.434343434343
300 -241.414141414141
300 -239.393939393939
300 -237.373737373737
300 -235.353535353535
300 -233.333333333333
300 -231.313131313131
300 -229.292929292929
300 -227.272727272727
300 -225.252525252525
300 -223.232323232323
300 -221.212121212121
300 -219.191919191919
300 -217.171717171717
300 -215.151515151515
300 -213.131313131313
300 -211.111111111111
300 -209.090909090909
300 -207.070707070707
300 -205.050505050505
300 -203.030303030303
300 -201.010101010101
300 -198.989898989899
300 -196.969696969697
300 -194.949494949495
300 -192.929292929293
300 -190.909090909091
300 -188.888888888889
300 -186.868686868687
300 -184.848484848485
300 -182.828282828283
300 -180.808080808081
300 -178.787878787879
300 -176.767676767677
300 -174.747474747475
300 -172.727272727273
300 -170.707070707071
300 -168.686868686869
300 -166.666666666667
300 -164.646464646465
300 -162.626262626263
300 -160.606060606061
300 -158.585858585859
300 -156.565656565657
300 -154.545454545455
300 -152.525252525253
300 -150.50505050505
300 -148.484848484848
300 -146.464646464646
300 -144.444444444444
300 -142.424242424242
300 -140.40404040404
300 -138.383838383838
300 -136.363636363636
300 -134.343434343434
300 -132.323232323232
300 -130.30303030303
300 -128.282828282828
300 -126.262626262626
300 -124.242424242424
300 -122.222222222222
300 -120.20202020202
300 -118.181818181818
300 -116.161616161616
300 -114.141414141414
300 -112.121212121212
300 -110.10101010101
300 -108.080808080808
300 -106.060606060606
300 -104.040404040404
300 -102.020202020202
300 -100
300 -97.979797979798
300 -95.959595959596
300 -93.9393939393939
300 -91.9191919191919
300 -89.8989898989899
300 -87.8787878787879
300 -85.8585858585859
300 -83.8383838383838
300 -81.8181818181818
300 -79.7979797979798
300 -77.7777777777778
300 -75.7575757575758
300 -73.7373737373737
300 -71.7171717171717
300 -69.6969696969697
300 -67.6767676767677
300 -65.6565656565656
300 -63.6363636363636
300 -61.6161616161616
300 -59.5959595959596
300 -57.5757575757576
300 -55.5555555555555
300 -53.5353535353535
300 -51.5151515151515
300 -49.4949494949495
300 -47.4747474747475
300 -45.4545454545454
300 -43.4343434343434
300 -41.4141414141414
300 -39.3939393939394
300 -37.3737373737374
300 -35.3535353535353
300 -33.3333333333333
300 -31.3131313131313
300 -29.2929292929293
300 -27.2727272727273
300 -25.2525252525252
300 -23.2323232323232
300 -21.2121212121212
300 -19.1919191919192
300 -17.1717171717171
300 -15.1515151515151
300 -13.1313131313131
300 -11.1111111111111
300 -9.09090909090907
300 -7.07070707070704
300 -5.05050505050502
300 -3.030303030303
300 -1.01010101010104
300 1.01010101010104
300 3.030303030303
300 5.05050505050508
300 7.07070707070704
300 9.09090909090912
300 11.1111111111111
300 13.1313131313132
300 15.1515151515151
300 17.1717171717172
300 19.1919191919192
300 21.2121212121212
300 23.2323232323232
300 25.2525252525253
300 27.2727272727273
300 29.2929292929293
300 31.3131313131313
300 33.3333333333334
300 35.3535353535353
300 37.3737373737374
300 39.3939393939394
300 41.4141414141415
300 43.4343434343434
300 45.4545454545455
300 47.4747474747475
300 49.4949494949495
300 51.5151515151515
300 53.5353535353536
300 55.5555555555555
300 57.5757575757576
300 59.5959595959596
300 61.6161616161617
300 63.6363636363636
300 65.6565656565657
300 67.6767676767677
300 69.6969696969697
300 71.7171717171717
300 73.7373737373738
300 75.7575757575758
300 77.7777777777778
300 79.7979797979798
300 81.8181818181819
300 83.8383838383838
300 85.8585858585859
300 87.8787878787879
300 89.89898989899
300 91.9191919191919
300 93.9393939393939
300 95.959595959596
300 97.979797979798
300 100
300 102.020202020202
300 104.040404040404
300 106.060606060606
300 108.080808080808
300 110.10101010101
300 112.121212121212
300 114.141414141414
300 116.161616161616
300 118.181818181818
300 120.20202020202
300 122.222222222222
300 124.242424242424
300 126.262626262626
300 128.282828282828
300 130.30303030303
300 132.323232323232
300 134.343434343434
300 136.363636363636
300 138.383838383838
300 140.40404040404
300 142.424242424242
300 144.444444444444
300 146.464646464646
300 148.484848484848
300 150.505050505051
300 152.525252525253
300 154.545454545455
300 156.565656565657
300 158.585858585859
300 160.606060606061
300 162.626262626263
300 164.646464646465
300 166.666666666667
300 168.686868686869
300 170.707070707071
300 172.727272727273
300 174.747474747475
300 176.767676767677
300 178.787878787879
300 180.808080808081
300 182.828282828283
300 184.848484848485
300 186.868686868687
300 188.888888888889
300 190.909090909091
300 192.929292929293
300 194.949494949495
300 196.969696969697
300 198.989898989899
300 201.010101010101
300 203.030303030303
300 205.050505050505
300 207.070707070707
300 209.090909090909
300 211.111111111111
300 213.131313131313
300 215.151515151515
300 217.171717171717
300 219.191919191919
300 221.212121212121
300 223.232323232323
300 225.252525252525
300 227.272727272727
300 229.292929292929
300 231.313131313131
300 233.333333333333
300 235.353535353535
300 237.373737373737
300 239.393939393939
300 241.414141414141
300 243.434343434343
300 245.454545454545
300 247.474747474747
300 249.49494949495
300 251.515151515152
300 253.535353535354
300 255.555555555556
300 257.575757575758
300 259.59595959596
300 261.616161616162
300 263.636363636364
300 265.656565656566
300 267.676767676768
300 269.69696969697
300 271.717171717172
300 273.737373737374
300 275.757575757576
300 277.777777777778
300 279.79797979798
300 281.818181818182
300 283.838383838384
300 285.858585858586
300 287.878787878788
300 289.89898989899
300 291.919191919192
300 293.939393939394
300 295.959595959596
300 297.979797979798
300 300
297.979797979798 300
295.959595959596 300
293.939393939394 300
291.919191919192 300
289.89898989899 300
287.878787878788 300
285.858585858586 300
283.838383838384 300
281.818181818182 300
279.79797979798 300
277.777777777778 300
275.757575757576 300
273.737373737374 300
271.717171717172 300
269.69696969697 300
267.676767676768 300
265.656565656566 300
263.636363636364 300
261.616161616162 300
259.59595959596 300
257.575757575758 300
255.555555555556 300
253.535353535354 300
251.515151515152 300
249.49494949495 300
247.474747474747 300
245.454545454545 300
243.434343434343 300
241.414141414141 300
239.393939393939 300
237.373737373737 300
235.353535353535 300
233.333333333333 300
231.313131313131 300
229.292929292929 300
227.272727272727 300
225.252525252525 300
223.232323232323 300
221.212121212121 300
219.191919191919 300
217.171717171717 300
215.151515151515 300
213.131313131313 300
211.111111111111 300
209.090909090909 300
207.070707070707 300
205.050505050505 300
203.030303030303 300
201.010101010101 300
198.989898989899 300
196.969696969697 300
194.949494949495 300
192.929292929293 300
190.909090909091 300
188.888888888889 300
186.868686868687 300
184.848484848485 300
182.828282828283 300
180.808080808081 300
178.787878787879 300
176.767676767677 300
174.747474747475 300
172.727272727273 300
170.707070707071 300
168.686868686869 300
166.666666666667 300
164.646464646465 300
162.626262626263 300
160.606060606061 300
158.585858585859 300
156.565656565657 300
154.545454545455 300
152.525252525253 300
150.50505050505 300
148.484848484848 300
146.464646464646 300
144.444444444444 300
142.424242424242 300
140.40404040404 300
138.383838383838 300
136.363636363636 300
134.343434343434 300
132.323232323232 300
130.30303030303 300
128.282828282828 300
126.262626262626 300
124.242424242424 300
122.222222222222 300
120.20202020202 300
118.181818181818 300
116.161616161616 300
114.141414141414 300
112.121212121212 300
110.10101010101 300
108.080808080808 300
106.060606060606 300
104.040404040404 300
102.020202020202 300
100 300
100 297.979797979798
100 295.959595959596
100 293.939393939394
100 291.919191919192
100 289.89898989899
100 287.878787878788
100 285.858585858586
100 283.838383838384
100 281.818181818182
100 279.79797979798
100 277.777777777778
100 275.757575757576
100 273.737373737374
100 271.717171717172
100 269.69696969697
100 267.676767676768
100 265.656565656566
100 263.636363636364
100 261.616161616162
100 259.59595959596
100 257.575757575758
100 255.555555555556
100 253.535353535354
100 251.515151515152
100 249.49494949495
100 247.474747474747
100 245.454545454545
100 243.434343434343
100 241.414141414141
100 239.393939393939
100 237.373737373737
100 235.353535353535
100 233.333333333333
100 231.313131313131
100 229.292929292929
100 227.272727272727
100 225.252525252525
100 223.232323232323
100 221.212121212121
100 219.191919191919
100 217.171717171717
100 215.151515151515
100 213.131313131313
100 211.111111111111
100 209.090909090909
100 207.070707070707
100 205.050505050505
100 203.030303030303
100 201.010101010101
100 198.989898989899
100 196.969696969697
100 194.949494949495
100 192.929292929293
100 190.909090909091
100 188.888888888889
100 186.868686868687
100 184.848484848485
100 182.828282828283
100 180.808080808081
100 178.787878787879
100 176.767676767677
100 174.747474747475
100 172.727272727273
100 170.707070707071
100 168.686868686869
100 166.666666666667
100 164.646464646465
100 162.626262626263
100 160.606060606061
100 158.585858585859
100 156.565656565657
100 154.545454545455
100 152.525252525253
100 150.50505050505
100 148.484848484848
100 146.464646464646
100 144.444444444444
100 142.424242424242
100 140.40404040404
100 138.383838383838
100 136.363636363636
100 134.343434343434
100 132.323232323232
100 130.30303030303
100 128.282828282828
100 126.262626262626
100 124.242424242424
100 122.222222222222
100 120.20202020202
100 118.181818181818
100 116.161616161616
100 114.141414141414
100 112.121212121212
100 110.10101010101
100 108.080808080808
100 106.060606060606
100 104.040404040404
100 102.020202020202
100 100
97.979797979798 100
95.959595959596 100
93.9393939393939 100
91.9191919191919 100
89.8989898989899 100
87.8787878787879 100
85.8585858585859 100
83.8383838383838 100
81.8181818181818 100
79.7979797979798 100
77.7777777777778 100
75.7575757575758 100
73.7373737373737 100
71.7171717171717 100
69.6969696969697 100
67.6767676767677 100
65.6565656565656 100
63.6363636363636 100
61.6161616161616 100
59.5959595959596 100
57.5757575757576 100
55.5555555555555 100
53.5353535353535 100
51.5151515151515 100
49.4949494949495 100
47.4747474747475 100
45.4545454545454 100
43.4343434343434 100
41.4141414141414 100
39.3939393939394 100
37.3737373737374 100
35.3535353535353 100
33.3333333333333 100
31.3131313131313 100
29.2929292929293 100
27.2727272727273 100
25.2525252525252 100
23.2323232323232 100
21.2121212121212 100
19.1919191919192 100
17.1717171717171 100
15.1515151515151 100
13.1313131313131 100
11.1111111111111 100
9.09090909090907 100
7.07070707070704 100
5.05050505050502 100
3.030303030303 100
1.01010101010104 100
-1.01010101010104 100
-3.030303030303 100
-5.05050505050508 100
-7.07070707070704 100
-9.09090909090912 100
-11.1111111111111 100
-13.1313131313132 100
-15.1515151515151 100
-17.1717171717172 100
-19.1919191919192 100
-21.2121212121212 100
-23.2323232323232 100
-25.2525252525253 100
-27.2727272727273 100
-29.2929292929293 100
-31.3131313131313 100
-33.3333333333334 100
-35.3535353535353 100
-37.3737373737374 100
-39.3939393939394 100
-41.4141414141415 100
-43.4343434343434 100
-45.4545454545455 100
-47.4747474747475 100
-49.4949494949495 100
-51.5151515151515 100
-53.5353535353536 100
-55.5555555555556 100
-57.5757575757576 100
-59.5959595959596 100
-61.6161616161616 100
-63.6363636363637 100
-65.6565656565657 100
-67.6767676767677 100
-69.6969696969697 100
-71.7171717171717 100
-73.7373737373738 100
-75.7575757575758 100
-77.7777777777778 100
-79.7979797979798 100
-81.8181818181818 100
-83.8383838383839 100
-85.8585858585859 100
-87.8787878787879 100
-89.8989898989899 100
-91.9191919191919 100
-93.9393939393939 100
-95.959595959596 100
-97.979797979798 100
-100 100
-100 102.020202020202
-100 104.040404040404
-100 106.060606060606
-100 108.080808080808
-100 110.10101010101
-100 112.121212121212
-100 114.141414141414
-100 116.161616161616
-100 118.181818181818
-100 120.20202020202
-100 122.222222222222
-100 124.242424242424
-100 126.262626262626
-100 128.282828282828
-100 130.30303030303
-100 132.323232323232
-100 134.343434343434
-100 136.363636363636
-100 138.383838383838
-100 140.40404040404
-100 142.424242424242
-100 144.444444444444
-100 146.464646464646
-100 148.484848484848
-100 150.505050505051
-100 152.525252525253
-100 154.545454545455
-100 156.565656565657
-100 158.585858585859
-100 160.606060606061
-100 162.626262626263
-100 164.646464646465
-100 166.666666666667
-100 168.686868686869
-100 170.707070707071
-100 172.727272727273
-100 174.747474747475
-100 176.767676767677
-100 178.787878787879
-100 180.808080808081
-100 182.828282828283
-100 184.848484848485
-100 186.868686868687
-100 188.888888888889
-100 190.909090909091
-100 192.929292929293
-100 194.949494949495
-100 196.969696969697
-100 198.989898989899
-100 201.010101010101
-100 203.030303030303
-100 205.050505050505
-100 207.070707070707
-100 209.090909090909
-100 211.111111111111
-100 213.131313131313
-100 215.151515151515
-100 217.171717171717
-100 219.191919191919
-100 221.212121212121
-100 223.232323232323
-100 225.252525252525
-100 227.272727272727
-100 229.292929292929
-100 231.313131313131
-100 233.333333333333
-100 235.353535353535
-100 237.373737373737
-100 239.393939393939
-100 241.414141414141
-100 243.434343434343
-100 245.454545454545
-100 247.474747474747
-100 249.49494949495
-100 251.515151515152
-100 253.535353535354
-100 255.555555555556
-100 257.575757575758
-100 259.59595959596
-100 261.616161616162
-100 263.636363636364
-100 265.656565656566
-100 267.676767676768
-100 269.69696969697
-100 271.717171717172
-100 273.737373737374
-100 275.757575757576
-100 277.777777777778
-100 279.79797979798
-100 281.818181818182
-100 283.838383838384
-100 285.858585858586
-100 287.878787878788
-100 289.89898989899
-100 291.919191919192
-100 293.939393939394
-100 295.959595959596
-100 297.979797979798
-100 300
-102.020202020202 300
-104.040404040404 300
-106.060606060606 300
-108.080808080808 300
-110.10101010101 300
-112.121212121212 300
-114.141414141414 300
-116.161616161616 300
-118.181818181818 300
-120.20202020202 300
-122.222222222222 300
-124.242424242424 300
-126.262626262626 300
-128.282828282828 300
-130.30303030303 300
-132.323232323232 300
-134.343434343434 300
-136.363636363636 300
-138.383838383838 300
-140.40404040404 300
-142.424242424242 300
-144.444444444444 300
-146.464646464646 300
-148.484848484848 300
-150.505050505051 300
-152.525252525253 300
-154.545454545455 300
-156.565656565657 300
-158.585858585859 300
-160.606060606061 300
-162.626262626263 300
-164.646464646465 300
-166.666666666667 300
-168.686868686869 300
-170.707070707071 300
-172.727272727273 300
-174.747474747475 300
-176.767676767677 300
-178.787878787879 300
-180.808080808081 300
-182.828282828283 300
-184.848484848485 300
-186.868686868687 300
-188.888888888889 300
-190.909090909091 300
-192.929292929293 300
-194.949494949495 300
-196.969696969697 300
-198.989898989899 300
-201.010101010101 300
-203.030303030303 300
-205.050505050505 300
-207.070707070707 300
-209.090909090909 300
-211.111111111111 300
-213.131313131313 300
-215.151515151515 300
-217.171717171717 300
-219.191919191919 300
-221.212121212121 300
-223.232323232323 300
-225.252525252525 300
-227.272727272727 300
-229.292929292929 300
-231.313131313131 300
-233.333333333333 300
-235.353535353535 300
-237.373737373737 300
-239.393939393939 300
-241.414141414141 300
-243.434343434343 300
-245.454545454545 300
-247.474747474747 300
-249.49494949495 300
-251.515151515152 300
-253.535353535354 300
-255.555555555556 300
-257.575757575758 300
-259.59595959596 300
-261.616161616162 300
-263.636363636364 300
-265.656565656566 300
-267.676767676768 300
-269.69696969697 300
-271.717171717172 300
-273.737373737374 300
-275.757575757576 300
-277.777777777778 300
-279.79797979798 300
-281.818181818182 300
-283.838383838384 300
-285.858585858586 300
-287.878787878788 300
-289.89898989899 300
-291.919191919192 300
-293.939393939394 300
-295.959595959596 300
-297.979797979798 300
-300 300
-300 297.979797979798
-300 295.959595959596
-300 293.939393939394
-300 291.919191919192
-300 289.89898989899
-300 287.878787878788
-300 285.858585858586
-300 283.838383838384
-300 281.818181818182
-300 279.79797979798
-300 277.777777777778
-300 275.757575757576
-300 273.737373737374
-300 271.717171717172
-300 269.69696969697
-300 267.676767676768
-300 265.656565656566
-300 263.636363636364
-300 261.616161616162
-300 259.59595959596
-300 257.575757575758
-300 255.555555555556
-300 253.535353535354
-300 251.515151515152
-300 249.49494949495
-300 247.474747474747
-300 245.454545454545
-300 243.434343434343
-300 241.414141414141
-300 239.393939393939
-300 237.373737373737
-300 235.353535353535
-300 233.333333333333
-300 231.313131313131
-300 229.292929292929
-300 227.272727272727
-300 225.252525252525
-300 223.232323232323
-300 221.212121212121
-300 219.191919191919
-300 217.171717171717
-300 215.151515151515
-300 213.131313131313
-300 211.111111111111
-300 209.090909090909
-300 207.070707070707
-300 205.050505050505
-300 203.030303030303
-300 201.010101010101
-300 198.989898989899
-300 196.969696969697
-300 194.949494949495
-300 192.929292929293
-300 190.909090909091
-300 188.888888888889
-300 186.868686868687
-300 184.848484848485
-300 182.828282828283
-300 180.808080808081
-300 178.787878787879
-300 176.767676767677
-300 174.747474747475
-300 172.727272727273
-300 170.707070707071
-300 168.686868686869
-300 166.666666666667
-300 164.646464646465
-300 162.626262626263
-300 160.606060606061
-300 158.585858585859
-300 156.565656565657
-300 154.545454545455
-300 152.525252525253
-300 150.50505050505
-300 148.484848484848
-300 146.464646464646
-300 144.444444444444
-300 142.424242424242
-300 140.40404040404
-300 138.383838383838
-300 136.363636363636
-300 134.343434343434
-300 132.323232323232
-300 130.30303030303
-300 128.282828282828
-300 126.262626262626
-300 124.242424242424
-300 122.222222222222
-300 120.20202020202
-300 118.181818181818
-300 116.161616161616
-300 114.141414141414
-300 112.121212121212
-300 110.10101010101
-300 108.080808080808
-300 106.060606060606
-300 104.040404040404
-300 102.020202020202
-300 100
-300 97.979797979798
-300 95.959595959596
-300 93.9393939393939
-300 91.9191919191919
-300 89.8989898989899
-300 87.8787878787879
-300 85.8585858585859
-300 83.8383838383838
-300 81.8181818181818
-300 79.7979797979798
-300 77.7777777777778
-300 75.7575757575758
-300 73.7373737373737
-300 71.7171717171717
-300 69.6969696969697
-300 67.6767676767677
-300 65.6565656565656
-300 63.6363636363636
-300 61.6161616161616
-300 59.5959595959596
-300 57.5757575757576
-300 55.5555555555555
-300 53.5353535353535
-300 51.5151515151515
-300 49.4949494949495
-300 47.4747474747475
-300 45.4545454545454
-300 43.4343434343434
-300 41.4141414141414
-300 39.3939393939394
-300 37.3737373737374
-300 35.3535353535353
-300 33.3333333333333
-300 31.3131313131313
-300 29.2929292929293
-300 27.2727272727273
-300 25.2525252525252
-300 23.2323232323232
-300 21.2121212121212
-300 19.1919191919192
-300 17.1717171717171
-300 15.1515151515151
-300 13.1313131313131
-300 11.1111111111111
-300 9.09090909090907
-300 7.07070707070704
-300 5.05050505050502
-300 3.030303030303
-300 1.01010101010104
-300 -1.01010101010104
-300 -3.030303030303
-300 -5.05050505050508
-300 -7.07070707070704
-300 -9.09090909090912
-300 -11.1111111111111
-300 -13.1313131313132
-300 -15.1515151515151
-300 -17.1717171717172
-300 -19.1919191919192
-300 -21.2121212121212
-300 -23.2323232323232
-300 -25.2525252525253
-300 -27.2727272727273
-300 -29.2929292929293
-300 -31.3131313131313
-300 -33.3333333333334
-300 -35.3535353535353
-300 -37.3737373737374
-300 -39.3939393939394
-300 -41.4141414141415
-300 -43.4343434343434
-300 -45.4545454545455
-300 -47.4747474747475
-300 -49.4949494949495
-300 -51.5151515151515
-300 -53.5353535353536
-300 -55.5555555555556
-300 -57.5757575757576
-300 -59.5959595959596
-300 -61.6161616161616
-300 -63.6363636363637
-300 -65.6565656565657
-300 -67.6767676767677
-300 -69.6969696969697
-300 -71.7171717171717
-300 -73.7373737373738
-300 -75.7575757575758
-300 -77.7777777777778
-300 -79.7979797979798
-300 -81.8181818181818
-300 -83.8383838383839
-300 -85.8585858585859
-300 -87.8787878787879
-300 -89.8989898989899
-300 -91.9191919191919
-300 -93.9393939393939
-300 -95.959595959596
-300 -97.979797979798
-300 -100
-300 -102.020202020202
-300 -104.040404040404
-300 -106.060606060606
-300 -108.080808080808
-300 -110.10101010101
-300 -112.121212121212
-300 -114.141414141414
-300 -116.161616161616
-300 -118.181818181818
-300 -120.20202020202
-300 -122.222222222222
-300 -124.242424242424
-300 -126.262626262626
-300 -128.282828282828
-300 -130.30303030303
-300 -132.323232323232
-300 -134.343434343434
-300 -136.363636363636
-300 -138.383838383838
-300 -140.40404040404
-300 -142.424242424242
-300 -144.444444444444
-300 -146.464646464646
-300 -148.484848484848
-300 -150.505050505051
-300 -152.525252525253
-300 -154.545454545455
-300 -156.565656565657
-300 -158.585858585859
-300 -160.606060606061
-300 -162.626262626263
-300 -164.646464646465
-300 -166.666666666667
-300 -168.686868686869
-300 -170.707070707071
-300 -172.727272727273
-300 -174.747474747475
-300 -176.767676767677
-300 -178.787878787879
-300 -180.808080808081
-300 -182.828282828283
-300 -184.848484848485
-300 -186.868686868687
-300 -188.888888888889
-300 -190.909090909091
-300 -192.929292929293
-300 -194.949494949495
-300 -196.969696969697
-300 -198.989898989899
-300 -201.010101010101
-300 -203.030303030303
-300 -205.050505050505
-300 -207.070707070707
-300 -209.090909090909
-300 -211.111111111111
-300 -213.131313131313
-300 -215.151515151515
-300 -217.171717171717
-300 -219.191919191919
-300 -221.212121212121
-300 -223.232323232323
-300 -225.252525252525
-300 -227.272727272727
-300 -229.292929292929
-300 -231.313131313131
-300 -233.333333333333
-300 -235.353535353535
-300 -237.373737373737
-300 -239.393939393939
-300 -241.414141414141
-300 -243.434343434343
-300 -245.454545454545
-300 -247.474747474747
-300 -249.49494949495
-300 -251.515151515152
-300 -253.535353535354
-300 -255.555555555556
-300 -257.575757575758
-300 -259.59595959596
-300 -261.616161616162
-300 -263.636363636364
-300 -265.656565656566
-300 -267.676767676768
-300 -269.69696969697
-300 -271.717171717172
-300 -273.737373737374
-300 -275.757575757576
-300 -277.777777777778
-300 -279.79797979798
-300 -281.818181818182
-300 -283.838383838384
-300 -285.858585858586
-300 -287.878787878788
-300 -289.89898989899
-300 -291.919191919192
-300 -293.939393939394
-300 -295.959595959596
-300 -297.979797979798
