0.000638783247919082 100.064994203324
0.00510905076801114 100.259854936692
0.0172362126340653 100.58421680375
0.0408335392858315 101.037471588269
0.0796961136063038 101.618769418928
0.137594809237137 102.327020396476
0.218270303819907 103.160896679768
0.325427135801041 104.118835026159
0.462727813375994 105.199039780783
0.633786984073801 106.399486308247
0.842165673396462 107.717924859343
1.09136560082902 109.15188486443
1.38482358142563 110.698679644245
1.72590602105467 112.355411527961
2.11790351325217 114.118977367503
2.56402554548771 115.986074436231
3.06739532249048 117.953206699311
3.63104471411628 120.016691442307
4.25790933505787 122.172666243753
4.95082376351323 124.417096276754
5.71251690572737 126.745781923978
6.54560751311513 129.154366689728
7.45259985845441 131.638345392191
8.43587957741194 134.19307261837
9.49770968142761 136.813771423672
10.6402267477384 139.49554225763
11.8654372920701 142.23337209679
13.1752143292636 145.022143765373
14.5712941268348 147.856645423977
16.0552731561907 150.731580206247
17.6286052459418 153.641575983174
19.2925989414634 156.581195234473
21.0484150745625 159.544945006288
22.8970645468062 162.527286934355
24.8394063297645 165.522647311664
26.8761456851085 168.52542717964
29.007832607191 171.530012421843
31.2348604904193 174.530783839283
33.5574650234081 177.522127186533
35.9757233115776 180.498443147977
38.489553229533 183.454157233731
41.0987130042354 186.383729575036
43.8028010296436 189.281664599198
46.6012559131754 192.142520564488
49.4933567540045 194.960918935808
52.4782236528804 197.731553582335
55.5548184528251 200.449199778848
58.7219457097317 203.108722992904
61.9782538915607 205.705087440624
65.3222368045048 208.233364394401
68.7522352441644 210.688740226467
72.2664388694592 213.066524172914
75.8628882966801 215.362155803455
79.5394774107698 217.57121218292
83.293955890613 219.689414711239
87.1239319448081 221.712635629436
91.0268752540935 223.63690417996
95.0001201163032 225.458412410511
99.0408687894404 227.173520611365
103.146195028171 228.778762377069
107.313047808764 230.270849284256
111.538255237233 231.646675178259
115.818528635181 232.903320062083
120.15046679758 234.038053582244
124.530560416479 235.048338106925
128.955196664411 235.931831392805
133.420663931008 236.686388837925
137.92315670614 237.310065318844
142.458780602687 237.801116611317
147.023557511822 238.158000394692
151.613430883526 238.379376841118
156.224271124867 238.464108791638
160.851881108392 238.411261522144
165.492001782835 238.220102103093
170.14031787821 237.890098357785
174.792463697188 237.420917424895
179.444028984569 236.81242393182
184.090564866517 236.064677786235
188.727589851163 235.177931594123
193.350595882036 234.152627713301
197.955054435776 232.989394952271
202.536422655453 231.689044924977
207.09014951081 230.25256807277
211.611681976684 228.681129365572
216.096471220839 226.976063694893
220.539978792447 225.138870972003
224.937682802404 223.171210945113
229.285084086747 221.074897750029
233.577712344391 218.851894209211
237.811132240502 216.5043058947
241.980949466814 214.034374970765
246.082816750312 211.444473832585
250.11243980173 208.737098557576
254.065583195426 205.914862186349
257.938076172285 202.980487850522
261.725818357402 199.93680176486
265.424785384431 196.7867261014
269.03103441861 193.533271763365
272.540709570612 190.179531076778
275.950047193537 186.728670417727
279.255381055515 183.183922793272
282.45314738058 179.548580393928
285.539889750636 175.825987135606
288.512263861574 172.019531208758
291.367042126755 168.132637652329
294.101118121346 164.168760969909
296.711510861164 160.131377805225
299.195368909975 156.023979693858
301.549974309392 151.850065907701
303.772746325791 147.613136408366
305.861245008931 143.316684925291
307.813174557201 138.964192173905
309.626386484728 134.559119228718
311.298882585839 130.104901065688
312.828817692655 125.604940287695
314.214502221913 121.062601046376
315.454404507381 116.481203172962
316.547152914564 111.864016530151
317.49153773468 107.214255596382
318.286512855231 102.535074293197
318.931197204779 97.8295610656868
319.424875969882 93.1007342252792
319.767001582454 88.3515375634036
319.957194476158 83.5848362437875
319.99524361074 78.8034129803891
319.881106763565 74.0099645071655
319.614910587951 69.2070983450907
319.196950438199 64.3973298710249
318.627689961588 59.583079692228
317.907760457894 54.7666713294893
317.037960007363 49.9503292110268
316.019252368365 45.1361769784908
314.8527656463 40.3262361055824
313.539790735651 35.5224248289876
312.081779537391 30.7265573905142
310.480342954285 25.9403435885193
308.737248666939 21.1653886359211
306.854418693744 16.4031933213091
304.833926738196 11.6551544689013
302.677995327362 6.92256569234406
300.388992745549 2.20661843661834
297.969429767548 -2.4915966984004
295.42195619608 -7.17108835987048
292.749357208386 -11.8309625772187
289.954549517132 -16.4704206391399
287.0405773511 -21.0887567214444
284.010608261371 -25.6853552754273
280.867928758957 -30.2596881869966
277.615939790093 -34.8113117173349
274.258152055599 -39.3398632363665
270.798181180988 -43.8450577607756
267.239742744156 -48.3266843087578
263.586647167742 -52.7846020840831
259.842794483395 -57.2187365024232
256.012168975408 -61.6290750732181
252.0988337113 -66.0156631506538
248.106924967149 -70.3785995675762
244.040646555561 -74.7180321663835
239.904264064358 -79.0341532411189
235.702099014152 -83.3271949051208
231.438522943106 -87.597424398693
227.117951427282 -91.8451393513159
222.744838045074 -96.0706630129399
218.323668294278 -100.274339468889
213.858953470454 -104.45652885284
209.355224515259 -108.617602572263
204.817025843478 -112.757938560546
200.248909157537 -116.877916569895
195.655427258243 -120.977913518864
191.04112786056 -125.058298908131
186.410547423187 -129.11943031787
181.76820500068 -133.161648999728
177.118596126859 -137.185275576115
172.466186738154 -141.190605859062
167.81540714552 -145.177906800569
163.170646063463 -149.147412585862
158.536244704637 -153.099320880538
153.916490948388 -157.033789242066
149.3156135915 -160.950931705587
144.737776689297 -164.850815553407
140.187073995099 -168.733458277013
135.667523505932 -172.598824739816
131.18306212218 -176.446824548253
126.737540428766 -180.277309638209
122.33471760522 -184.090072083096
117.978256471856 -187.884842129238
113.671718679039 -191.661286463564
109.418560046349 -195.419006717883
105.222126058239 -199.157538213368
101.085647522513 -202.876348948113
97.0122363977864 -206.574838829971
93.0048817957848 -210.252339156138
89.0664461641336 -213.908112340231
85.1996616550003 -217.541351886922
81.4071266847073 -221.151182613444
77.6913026891478 -224.7366611166
74.0545110795607 -228.296776483209
70.4989304029349 -231.830451241207
67.0265937110183 -235.336542547963
63.639386141611 -238.813843611688
60.339042715515 -242.261085341162
57.1271463522088 -245.676938218359
54.0051261069994 -249.060014387925
50.9742556320868 -252.408869956874
48.0356518636602 -255.72200749725
45.1902739368165 -258.997878743981
42.4389223297703 -262.234887479568
39.7822382384946 -265.43139259678
37.2207031826018 -268.58571133
34.7546388429466 -271.696122645424
32.3842071310972 -274.760870779893
30.109410490493 -277.778168917696
27.9300924287749 -280.746202994368
25.8459382804439 -283.663135616104
23.8564761986725 -286.52711008315
21.9610783747704 -289.336254505237
20.1589624834766 -292.088685996877
18.4491933519285 -294.782514940157
16.8306848498397 -297.415849302472
15.3022019981015 -299.986798996518
13.8623632927109 -302.493480269759
12.5096432406197 -304.934020110534
11.242375103799 -307.306560657908
10.0587538475113 -309.609263602429
8.956839288496 -311.840314564956
7.93455943848375 -313.997927440829
6.98971403817927 -316.080348696756
6.11997827657851 -318.085861607955
5.32290669022136 -320.012790423267
4.5959372367248 -321.859504446181
3.93639553669174 -323.624422019973
3.34149927785 -325.30601440543
2.80836277504514 -326.902809539977
2.33400167948707 -328.413395667359
1.91533783043792 -329.836424827402
1.54920424232454 -331.170616195823
1.23235022006629 -332.414759264446
0.961446595224804 -333.567716852701
0.733091075410307 -334.628427941726
0.543813699217213 -335.595910322934
0.390082388810817 -336.469263053437
0.268308592147539 -337.247668711275
0.174853006683007 -337.930395443978
0.106031376306035 -338.516798804569
0.0581203531317691 -339.006323369769
0.0273634156946975 -339.398504135733
0.0099768350016944 -339.692967687334
0.00215567983681338 -339.889433137638
7.98526535363635e-05 -339.987712834873
-7.98526535363373e-05 -339.987712834873
-0.0021556798368133 -339.889433137638
-0.00997683500169375 -339.692967687334
-0.0273634156946962 -339.398504135733
-0.058120353131767 -339.006323369769
-0.106031376306034 -338.516798804569
-0.174853006683003 -337.930395443978
-0.268308592147534 -337.247668711275
-0.390082388810815 -336.469263053437
-0.543813699217204 -335.595910322934
-0.733091075410296 -334.628427941726
-0.961446595224791 -333.567716852701
-1.23235022006628 -332.414759264446
-1.54920424232452 -331.170616195823
-1.91533783043789 -329.836424827402
-2.33400167948706 -328.413395667359
-2.80836277504511 -326.902809539977
-3.34149927784997 -325.30601440543
-3.9363955366917 -323.624422019974
-4.59593723672478 -321.859504446182
-5.32290669022131 -320.012790423267
-6.11997827657847 -318.085861607955
-6.98971403817926 -316.080348696756
-7.9345594384837 -313.997927440829
-8.95683928849595 -311.840314564956
-10.0587538475112 -309.609263602429
-11.242375103799 -307.306560657908
-12.5096432406197 -304.934020110534
-13.8623632927108 -302.493480269759
-15.3022019981015 -299.986798996518
-16.8306848498396 -297.415849302472
-18.4491933519284 -294.782514940158
-20.1589624834765 -292.088685996878
-21.9610783747703 -289.336254505238
-23.8564761986724 -286.527110083151
-25.8459382804438 -283.663135616104
-27.9300924287749 -280.746202994368
-30.1094104904929 -277.778168917696
-32.3842071310971 -274.760870779893
-34.7546388429465 -271.696122645425
-37.2207031826017 -268.58571133
-39.7822382384945 -265.43139259678
-42.4389223297702 -262.234887479568
-45.1902739368164 -258.997878743981
-48.0356518636601 -255.72200749725
-50.9742556320867 -252.408869956874
-54.0051261069992 -249.060014387925
-57.1271463522087 -245.676938218359
-60.3390427155148 -242.261085341162
-63.6393861416108 -238.813843611688
-67.0265937110182 -235.336542547963
-70.4989304029347 -231.830451241207
-74.0545110795605 -228.296776483209
-77.6913026891476 -224.7366611166
-81.4071266847072 -221.151182613444
-85.1996616550001 -217.541351886923
-89.0664461641334 -213.908112340231
-93.0048817957847 -210.252339156138
-97.0122363977862 -206.574838829972
-101.085647522513 -202.876348948113
-105.222126058239 -199.157538213369
-109.418560046349 -195.419006717884
-113.671718679038 -191.661286463564
-117.978256471856 -187.884842129238
-122.33471760522 -184.090072083096
-126.737540428765 -180.277309638209
-131.18306212218 -176.446824548253
-135.667523505932 -172.598824739816
-140.187073995099 -168.733458277013
-144.737776689296 -164.850815553407
-149.3156135915 -160.950931705587
-153.916490948388 -157.033789242067
-158.536244704637 -153.099320880539
-163.170646063463 -149.147412585862
-167.81540714552 -145.177906800569
-172.466186738154 -141.190605859062
-177.118596126859 -137.185275576116
-181.76820500068 -133.161648999729
-186.410547423187 -129.11943031787
-191.04112786056 -125.058298908132
-195.655427258243 -120.977913518864
-200.248909157537 -116.877916569895
-204.817025843478 -112.757938560546
-209.355224515258 -108.617602572263
-213.858953470454 -104.45652885284
-218.323668294277 -100.274339468889
-222.744838045073 -96.0706630129401
-227.117951427282 -91.8451393513159
-231.438522943105 -87.5974243986932
-235.702099014152 -83.3271949051209
-239.904264064358 -79.0341532411193
-244.040646555561 -74.7180321663838
-248.106924967148 -70.3785995675763
-252.0988337113 -66.0156631506541
-256.012168975407 -61.6290750732183
-259.842794483395 -57.2187365024233
-263.586647167742 -52.7846020840834
-267.239742744156 -48.326684308758
-270.798181180988 -43.8450577607757
-274.258152055599 -39.3398632363667
-277.615939790093 -34.8113117173351
-280.867928758957 -30.2596881869967
-284.010608261371 -25.6853552754276
-287.0405773511 -21.0887567214446
-289.954549517131 -16.4704206391402
-292.749357208385 -11.8309625772189
-295.421956196079 -7.17108835987057
-297.969429767547 -2.49159669840072
-300.388992745549 2.20661843661806
-302.677995327362 6.92256569234395
-304.833926738196 11.6551544689009
-306.854418693744 16.4031933213089
-308.737248666939 21.165388635921
-310.480342954285 25.940343588519
-312.081779537391 30.726557390514
-313.539790735651 35.5224248289875
-314.8527656463 40.3262361055822
-316.019252368365 45.1361769784906
-317.037960007363 49.9503292110264
-317.907760457894 54.766671329489
-318.627689961588 59.5830796922279
-319.196950438199 64.3973298710246
-319.614910587951 69.2070983450904
-319.881106763565 74.0099645071655
-319.99524361074 78.8034129803888
-319.957194476158 83.5848362437873
-319.767001582454 88.3515375634035
-319.424875969882 93.100734225279
-318.931197204779 97.8295610656866
-318.286512855231 102.535074293197
-317.49153773468 107.214255596382
-316.547152914564 111.864016530151
-315.454404507381 116.481203172961
-314.214502221913 121.062601046375
-312.828817692655 125.604940287695
-311.298882585839 130.104901065687
-309.626386484728 134.559119228718
-307.813174557201 138.964192173905
-305.861245008931 143.316684925291
-303.772746325791 147.613136408366
-301.549974309392 151.850065907701
-299.195368909975 156.023979693857
-296.711510861164 160.131377805225
-294.101118121346 164.168760969909
-291.367042126755 168.132637652329
-288.512263861574 172.019531208758
-285.539889750636 175.825987135606
-282.45314738058 179.548580393928
-279.255381055515 183.183922793272
-275.950047193537 186.728670417727
-272.540709570612 190.179531076778
-269.03103441861 193.533271763365
-265.424785384431 196.7867261014
-261.725818357402 199.93680176486
-257.938076172285 202.980487850522
-254.065583195426 205.914862186349
-250.11243980173 208.737098557576
-246.082816750312 211.444473832585
-241.980949466814 214.034374970765
-237.811132240502 216.5043058947
-233.577712344392 218.851894209211
-229.285084086747 221.074897750029
-224.937682802404 223.171210945113
-220.539978792447 225.138870972003
-216.09647122084 226.976063694893
-211.611681976684 228.681129365572
-207.090149510811 230.25256807277
-202.536422655453 231.689044924977
-197.955054435776 232.989394952271
-193.350595882036 234.152627713301
-188.727589851163 235.177931594123
-184.090564866517 236.064677786235
-179.444028984569 236.81242393182
-174.792463697188 237.420917424895
-170.14031787821 237.890098357784
-165.492001782835 238.220102103093
-160.851881108392 238.411261522144
-156.224271124868 238.464108791638
-151.613430883526 238.379376841118
-147.023557511822 238.158000394692
-142.458780602688 237.801116611317
-137.92315670614 237.310065318844
-133.420663931008 236.686388837925
-128.955196664412 235.931831392805
-124.530560416479 235.048338106925
-120.15046679758 234.038053582245
-115.818528635181 232.903320062083
-111.538255237233 231.646675178259
-107.313047808764 230.270849284256
-103.146195028171 228.778762377069
-99.0408687894406 227.173520611365
-95.0001201163034 225.458412410511
-91.0268752540937 223.63690417996
-87.1239319448082 221.712635629436
-83.2939558906132 219.689414711239
-79.53947741077 217.57121218292
-75.8628882966802 215.362155803455
-72.2664388694594 213.066524172914
-68.7522352441645 210.688740226467
-65.3222368045048 208.233364394401
-61.9782538915609 205.705087440624
-58.7219457097318 203.108722992904
-55.5548184528254 200.449199778848
-52.4782236528806 197.731553582335
-49.4933567540046 194.960918935808
-46.6012559131756 192.142520564488
-43.8028010296437 189.281664599198
-41.0987130042354 186.383729575036
-38.4895532295332 183.454157233731
-35.9757233115777 180.498443147977
-33.5574650234081 177.522127186533
-31.2348604904194 174.530783839283
-29.0078326071911 171.530012421843
-26.8761456851085 168.52542717964
-24.8394063297646 165.522647311664
-22.8970645468062 162.527286934355
-21.0484150745627 159.544945006288
-19.2925989414635 156.581195234473
-17.6286052459418 153.641575983174
-16.0552731561908 150.731580206247
-14.5712941268349 147.856645423977
-13.1752143292636 145.022143765373
-11.8654372920701 142.23337209679
-10.6402267477384 139.49554225763
-9.49770968142763 136.813771423672
-8.435879577412 134.19307261837
-7.45259985845444 131.638345392191
-6.54560751311513 129.154366689728
-5.71251690572741 126.745781923978
-4.95082376351325 124.417096276754
-4.25790933505792 122.172666243753
-3.63104471411631 120.016691442308
-3.0673953224905 117.953206699311
-2.56402554548774 115.986074436231
-2.11790351325219 114.118977367503
-1.72590602105468 112.355411527961
-1.38482358142566 110.698679644245
-1.09136560082903 109.15188486443
-0.842165673396466 107.717924859343
-0.633786984073812 106.399486308247
-0.462727813376 105.199039780783
-0.325427135801042 104.118835026159
-0.218270303819913 103.160896679768
-0.137594809237139 102.327020396476
-0.0796961136063074 101.618769418928
-0.040833539285833 101.037471588269
-0.0172362126340658 100.58421680375
-0.00510905076801168 100.259854936692
-0.000638783247919168 100.064994203324
-4.70189060435654e-45 100
